ISS (ZARYA)             
1 25544U 98067A   22304.19685738  .00015777  00000+0  28792-3 0  9995
2 25544  51.6441  22.7991 0006276  23.0510 191.0101 15.49582193366279
AEROCUBE 12A            
1 43556U 18046C   22303.84512079  .00043640  00000+0  90190-3 0  9996
2 43556  51.6353 241.3642 0007965 153.1695 206.9705 15.45352319240202
AEROCUBE 12B            
1 43557U 18046D   22303.87327132  .00033332  00000+0  77661-3 0  9999
2 43557  51.6360 248.2112 0007916 150.0721 210.0718 15.41922575240068
LEMUR-2-VU              
1 43558U 18046E   22303.76319530  .00110885  00000+0  13712-2 0  9996
2 43558  51.6336 214.3453 0009447 162.2236 197.9089 15.59210159240556
LEMUR-2-ALEXANDER       
1 43559U 18046F   22303.87494383  .00240981  00000+0  23545-2 0  9995
2 43559  51.6365 209.8868 0008482 176.1532 183.9530 15.64816661240405
LEMUR-2-YUASA           
1 43560U 18046G   22303.78164091  .00217451  00000+0  23097-2 0  9995
2 43560  51.6370 213.7440 0008329 177.9385 182.1645 15.62774534240563
LEMUR-2-TOMHENDERSON    
1 43561U 18046H   22303.77285618  .00101716  00000+0  14087-2 0  9999
2 43561  51.6384 219.6370 0008705 167.6054 192.5153 15.56236177240044
ICS-EF (ISS DEB)        
1 45265U 98067RJ  22303.82122027  .00063839  00000+0  49247-3 0  9993
2 45265  51.6349 345.4180 0006309   7.1400 352.9687 15.71310686152856
RED-EYE 2 (MERLOT)      
1 45800U 98067RM  22303.30647231  .00431957  89892-4  87451-3 0  9990
2 45800  51.6346 326.8996 0007398  28.9560 331.1859 15.98956133134912
RED-EYE 3 (CABERNET)    
1 45809U 98067RN  22303.31093466  .00436994  91796-4  88521-3 0  9996
2 45809  51.6366 326.9506 0007596  27.1126 333.0279 15.98942022133895
ISS DEB                 
1 47853U 98067RZ  22303.49415811  .00016182  00000+0  23034-3 0  9992
2 47853  51.6418  16.4008 0001642 115.0610 245.0552 15.56502725 92923
MMSATS-1                
1 47976U 98067SJ  22303.64183905  .00049636  00000+0  45990-3 0  9996
2 47976  51.6392   2.7808 0002141  43.4839  82.1830 15.66983672 91392
CSS (TIANHE)            
1 48274U 21035A   22304.18675865  .00026780  00000+0  30760-3 0  9994
2 48274  41.4738 110.2742 0005031 271.1801 256.0620 15.61416173 86033
ISS DEB                 
1 48833U 98067SK  22303.86073321  .00264803  00000+0  93319-3 0  9996
2 48833  51.6275 348.5878 0007121  24.7663 335.3682 15.87829933 80469
ISS (NAUKA)             
1 49044U 21066A   22303.72980485  .00015023  00000+0  27476-3 0  9998
2 49044  51.6439  25.1119 0006150  20.3726 106.5179 15.49563421366208
FREGAT DEB              
1 49271U 11037PF  22303.75419897 -.00011531  00000+0 -27906-1 0  9992
2 49271  51.7007 223.3326 1054501 325.2210  28.3859 11.98154454 63339
1998-067TD              
1 51441U 98067TD  22303.15714850  .00406845  75357-4  11287-2 0  9995
2 51441  51.6251   0.4015 0012496  18.5879 341.5582 15.93103312 43358
PATCOOL                 
1 51442U 98067TE  22303.87735900  .00430670  82504-4  12564-2 0  9998
2 51442  51.6308 356.1991 0011496  22.0277 338.1222 15.92161808 43432
LIGHT-1                 
1 51509U 98067TG  22303.57639013  .00117506  00000+0  80173-3 0  9995
2 51509  51.6386   6.3502 0010518 358.0816   2.0141 15.73899206 42052
IHI-SAT                 
1 52147U 98067TJ  22303.58499908  .00421383  00000+0  16097-2 0  9996
2 52147  51.6276   8.5694 0012262  16.8180 343.3228 15.85733523 34472
KITSUNE                 
1 52148U 98067TK  22303.92877344  .00059128  00000+0  63074-3 0  9991
2 52148  51.6418  14.3600 0005890  27.0094 145.5719 15.63348899 34369
TIANZHOU-4              
1 52509U 22050A   22303.86229697  .00028949  00000+0  33230-3 0  9994
2 52509  41.4737 112.2506 0005050 268.1356 232.9054 15.61401091 85980
PROGRESS-MS 20          
1 52795U 22059A   22303.72980485  .00015023  00000+0  27476-3 0  9998
2 52795  51.6439  25.1119 0006150  20.3726 106.5179 15.49563421366205
SHENZHOU 14             
1 52797U 22060A   22303.86229697  .00028949  00000+0  33230-3 0  9994
2 52797  41.4737 112.2506 0005050 268.1356 232.9054 15.61401091 85989
ISS DEB                 
1 52952U 98067TP  22303.67167487  .00196734  00000+0  15699-2 0  9990
2 52952  51.6383  19.0060 0009580  13.5499 346.5754 15.69936640 18664
CSS (WENTIAN)           
1 53239U 22085A   22303.86229697  .00028949  00000+0  33230-3 0  9993
2 53239  41.4737 112.2506 0005050 268.1356 232.9054 15.61401091 85981
1998-067TQ              
1 53305U 98067TQ  22303.65539014  .00083418  00000+0  10118-2 0  9995
2 53305  51.6398  22.6432 0006921  10.7890 349.3251 15.59871995 15712
YUZGU 8                 
1 53306U 98067TR  22303.80841146  .00110437  00000+0  12483-2 0  9994
2 53306  51.6394  21.4161 0007220   9.0684 351.0439 15.61581157 15742
1998-067TS              
1 53307U 98067TS  22303.80886660  .00109873  00000+0  12456-2 0  9997
2 53307  51.6388  21.4128 0007442   5.9804 354.1278 15.61505120 15778
YUZGU 9 (RS3S)          
1 53308U 98067TT  22303.68408175  .00103916  00000+0  11887-2 0  9994
2 53308  51.6393  22.0822 0007103   6.3094 353.7987 15.61301226 15787
YUZGU 7 (RS1S)          
1 53309U 98067TU  22303.80211729  .00108884  00000+0  12236-2 0  9994
2 53309  51.6386  21.3666 0007327  12.3144 347.8027 15.61737575 15755
YUZGU 11 (RS5S)         
1 53310U 98067TV  22303.68319341  .00102175  00000+0  11683-2 0  9993
2 53310  51.6392  22.0765 0006887  11.4672 348.6477 15.61321502 15766
YUZGU 12 (RS6S)         
1 53311U 98067TW  22303.66267145  .00103522  00000+0  11527-2 0  9990
2 53311  51.6388  21.9344 0007338   1.9672 358.1349 15.61998089 15785
TSIOLKOVSKY-RYAZAN 1 (*)
1 53312U 98067TX  22303.80032029  .00107548  00000+0  12093-2 0  9999
2 53312  51.6395  21.3590 0007356  14.6965 345.4241 15.61727815 15740
TSIOLKOVSKY-RYAZAN 2 (*)
1 53313U 98067TY  22303.67049634  .00102955  00000+0  11617-2 0  9993
2 53313  51.6395  21.9920 0006798  12.7022 347.4142 15.61662401 15770
YUZGU 10 (RS4S)         
1 53321U 98067TZ  22303.80853375  .00111259  00000+0  12595-2 0  9995
2 53321  51.6391  21.4140 0007195   9.4971 350.6157 15.61538496 15792
YUZGU UA                
1 53322U 98067UA  22303.67721188  .00107543  00000+0  12124-2 0  9996
2 53322  51.6390  22.0361 0007260   7.3672 352.7428 15.61661148 15720
HSU-SAT1                
1 53462U 98067UB  22303.64711618  .00065431  00000+0  86109-3 0  9999
2 53462  51.6394  23.3300 0008186  42.0659 318.0960 15.57804823 12339
FUTABA                  
1 53463U 98067UC  22303.68180712  .00081933  00000+0  10151-2 0  9997
2 53463  51.6388  22.8103 0008665  37.8602 322.2999 15.59305930 12347
TUMNANOSAT              
1 53464U 98067UD  22303.52511233  .00101648  00000+0  11869-2 0  9990
2 53464  51.6384  23.2638 0009092  33.9572 326.2002 15.60758436 12322
1998-067UE              
1 53767U 98067UE  22303.73408141  .00050736  00000+0  73661-3 0  9992
2 53767  51.6418  23.9192 0004505  57.8535 302.2893 15.55289885  8458
BEAVERCUBE              
1 53768U 98067UF  22303.61034221  .00050178  00000+0  73181-3 0  9991
2 53768  51.6411  24.5893 0003286  33.1849 326.9347 15.55176409  8440
CLICK-A                 
1 53769U 98067UG  22303.71613621  .00093262  00000+0  12758-2 0  9993
2 53769  51.6446  23.8100 0004336  36.6343 323.4945 15.56639704  8467
1998-067UH              
1 53770U 98067UH  22303.61424353  .00102185  00000+0  12702-2 0  9990
2 53770  51.6406  23.8679 0006653  30.2261 329.9114 15.59137750  8454
JAGSAT                  
1 53771U 98067UJ  22303.60484020  .00111235  00000+0  13471-2 0  9997
2 53771  51.6401  23.8045 0007025  29.1855 330.9529 15.59781360  8440
ISS DEB                 
1 53772U 98067UK  22303.59978196  .00072472  00000+0  10006-2 0  9998
2 53772  51.6404  24.5181 0007123  18.8472 341.2782 15.56484455  8439
SOYUZ-MS 22             
1 53879U 22116A   22303.72980485  .00015023  00000+0  27476-3 0  9996
2 53879  51.6439  25.1119 0006150  20.3726 106.5179 15.49563421366209
CREW DRAGON 5           
1 53963U 22124A   22303.72980485  .00015023  00000+0  27476-3 0  9999
2 53963  51.6439  25.1119 0006150  20.3726 106.5179 15.49563421366203
PROGRESS-MS 21          
1 54155U 22140A   22303.72980485  .00015023  00000+0  27476-3 0  9991
2 54155  51.6439  25.1119 0006150  20.3726 106.5179 15.49563421366207
